1	0.00295	0.0033	0.00278	0.03475
2	0.02065	0.02285	0.02316	0.07022
3	0.04795	0.04829	0.04841	0.10351
4	0.07622	0.07703	0.07343	0.13569
5	0.09564	0.09846	0.0945	0.16861
6	0.10745	0.1199	0.11813	0.18781
7	0.14088	0.14204	0.15033	0.19805
8	0.15957	0.16936	0.15959	0.23481
9	0.1785	0.1802	0.186	0.24322
10	0.1876	0.19339	0.20731	0.25127
11	0.20997	0.21223	0.21055	0.27047
12	0.22251	0.23084	0.24344	0.26169
13	0.25448	0.24521	0.24692	0.28163
14	0.27046	0.26288	0.27958	0.27577
15	0.27366	0.27536	0.26336	0.27614
16	0.28767	0.28737	0.29857	0.30302
17	0.30955	0.29491	0.3083	0.30375
18	0.31496	0.32106	0.31432	0.31253
19	0.31496	0.3114	0.33169	0.29589
20	0.32135	0.32294	0.32891	0.30741
21	0.32971	0.32318	0.33424	0.32204
22	0.32357	0.35309	0.35972	0.30924
23	0.3452	0.36016	0.3676	0.33996
24	0.36905	0.37335	0.36204	0.33594
25	0.36414	0.37783	0.37385	0.34234
26	0.39315	0.37759	0.35208	0.33978
27	0.38479	0.36699	0.37779	0.36264
28	0.3725	0.39997	0.38867	0.33631
29	0.37102	0.37712	0.38867	0.34837
30	0.38602	0.38089	0.37362	0.34655
31	0.38086	0.38819	0.39748	0.33484
32	0.40053	0.3889	0.38172	0.33137
33	0.39069	0.41269	0.38589	0.31546
34	0.39757	0.40538	0.41184	0.31564
35	0.40815	0.40209	0.39562	0.31235
36	0.42683	0.41269	0.3991	0.29516
37	0.43593	0.42729	0.41276	0.30357
38	0.42167	0.42635	0.42875	0.31637
39	0.46126	0.45862	0.42944	0.31107
40	0.44331	0.45697	0.42736	0.32698
41	0.46224	0.44731	0.45422	0.34088
42	0.48928	0.46168	0.46418	0.34874
43	0.48928	0.48877	0.46627	0.36849
44	0.49764	0.50125	0.51259	0.3897
45	0.50305	0.50856	0.50935	0.40433
46	0.5333	0.53824	0.52858	0.43414
47	0.5746	0.56014	0.54734	0.49028
48	0.57583	0.58629	0.56402	0.48919
49	0.59181	0.61267	0.59807	0.52942
50	0.63927	0.63293	0.62957	0.5852
51	0.67172	0.66284	0.67914	0.60842
52	0.70418	0.70454	0.68307	0.65341
53	0.73417	0.72833	0.72407	0.66822
54	0.74007	0.78062	0.75372	0.741
55	0.80179	0.7891	0.79055	0.77264
56	0.81015	0.81878	0.82251	0.81105
57	0.84629	0.87955	0.84197	0.8692
58	0.89719	0.88332	0.87255	0.90084
59	0.92644	0.91795	0.93648	0.95222
60	0.95595	0.96129	0.98118	0.96484
61	1.00734	0.96553	0.99415	1.05335
62	1.00119	1.01028	1.04534	1.0731
63	1.04889	1.04373	1.06271	1.10273
64	1.08257	1.08943	1.09028	1.18063
65	1.07839	1.10921	1.10788	1.20331
66	1.12658	1.16763	1.15004	1.22397
67	1.16887	1.12288	1.17019	1.2739
68	1.12732	1.13159	1.16741	1.26256
69	1.16715	1.18247	1.18015	1.2792
70	1.16765	1.17941	1.20308	1.28451
71	1.17281	1.17611	1.21536	1.29292
72	1.12757	1.20838	1.21188	1.25049
73	1.15068	1.17305	1.17529	1.25195
74	1.16863	1.14996	1.15745	1.25433
75	1.11257	1.11934	1.12525	1.19215
76	1.06094	1.07859	1.13521	1.12778
77	1.05823	1.05692	1.07939	1.09834
78	1.00758	1.02088	1.03121	1.04019
79	0.99062	1.01122	1.01708	0.97746
80	0.9498	0.95446	0.97053	0.91693
81	0.91022	0.89604	0.91818	0.83354
82	0.84629	0.85482	0.87231	0.79184
83	0.84187	0.82961	0.82112	0.69876
84	0.77917	0.80441	0.76461	0.62323
85	0.72581	0.72244	0.72291	0.59379
86	0.6941	0.69017	0.6972	0.54204
87	0.66877	0.65554	0.66385	0.47657
88	0.62255	0.61573	0.59366	0.43433
89	0.59206	0.58087	0.57259	0.38806
90	0.55395	0.55543	0.51862	0.35697
91	0.53526	0.52976	0.50009	0.32003
92	0.51092	0.51916	0.48943	0.3065
93	0.49396	0.47982	0.4716	0.27138
94	0.4883	0.47346	0.45886	0.25163
95	0.4647	0.4492	0.4343	0.2456
96	0.4465	0.45202	0.43384	0.24889
97	0.46027	0.45603	0.43245	0.24523
98	0.4615	0.47605	0.43477	0.24725
99	0.46322	0.46757	0.44172	0.24158
100	0.49764	0.49442	0.46859	0.27559
101	0.51928	0.49348	0.48341	0.30577
102	0.51977	0.54836	0.51584	0.32826
103	0.57436	0.54224	0.55243	0.36886
104	0.61517	0.59736	0.58463	0.41165
105	0.65599	0.63081	0.63814	0.47163
106	0.71795	0.70736	0.68284	0.51662
107	0.78335	0.76036	0.76831	0.60696
108	0.85981	0.83197	0.83317	0.71851
109	0.94021	0.91865	0.87231	0.78105
110	1.02651	0.97778	0.99485	0.90212
111	1.07446	1.09791	1.07568	1.04659
112	1.19936	1.17399	1.1966	1.18374
113	1.30189	1.27339	1.30662	1.30279
114	1.38942	1.42886	1.39232	1.50523
115	1.52342	1.51742	1.50744	1.65117
116	1.60603	1.60623	1.64596	1.76034
117	1.62915	1.6842	1.7034	1.93243
118	1.7661	1.73507	1.76015	2.01545
119	1.81748	1.84249	1.88129	2.12353
120	1.88756	1.85002	1.88986	2.13139
121	1.90231	1.91268	1.91163	2.13048
122	1.85486	1.86157	1.9077	2.09244
123	1.82904	1.84555	1.83056	2.05294
124	1.84207	1.75698	1.81087	1.93023
125	1.72012	1.70728	1.71938	1.79198
126	1.57751	1.61094	1.65221	1.58424
127	1.4649	1.44487	1.4544	1.3657
128	1.30337	1.30566	1.30268	1.14863
129	1.16469	1.13465	1.14031	0.91492
130	0.98914	1.0011	0.99763	0.65999
131	0.80056	0.80794	0.82205	0.47236
132	0.64271	0.65107	0.64277	0.30412
133	0.51412	0.49961	0.50148	0.16532
134	0.3725	0.37099	0.36621	0.08376
135	0.25472	0.26311	0.25224	0.03621
136	0.18391	0.18444	0.17835	0.01408
137	0.11728	0.12178	0.10076	0.00439
138	0.08261	0.09187	0.05791	5.48622E-4
139	0.04598	0.05041	0.03382	0
140	0.02926	0.02827	0.01807	0
141	0.01131	0.01437	0.01135	
142	0.00369	0.0073	0.00347	
143	0.00443	0.00165	9.26516E-4	
144	9.83487E-4	7.06656E-4	2.31629E-4	
145	4.91744E-4	4.71104E-4	2.31629E-4	
--	4.91744E-4	7.06656E-4		