1	17.9048	20.22811	22.96968	24.43737	25.22536
2	22.43043	27.82271	29.01352	28.82606	34.76418
3	24.34298	32.45053	29.19361	29.1776	39.80694
4	28.23964	38.19024	32.54846	33.24729	41.29065
5	31.65906	40.55177	35.32296	38.14228	41.42807
6	35.69073	38.42291	37.73007	41.33245	47.66111
7	39.03545	40.46122	36.89888	46.42924	49.26788
8	40.29739	42.74996	38.82446	45.12956	50.88486
9	43.64037	43.09508	40.42911	49.59861	53.62023
10	46.65275	47.40973	41.22249	47.02587	57.04227
11	45.44897	49.28594	43.42531	48.37639	61.65702
12	47.96824	49.89902	45.09185	50.71668	64.1605
13	49.89908	49.9728	45.42701	52.11438	65.68263
14	49.49129	48.87292	49.80769	56.51215	66.71917
15	51.25991	52.31019	53.13776	55.83262	70.70795
16	54.05746	55.99926	52.77343	59.48378	73.45888
17	55.70918	58.81227	56.70964	58.43364	75.11278
18	57.18686	58.69317	58.72167	59.81467	76.28522
19	58.39663	57.67295	59.8363	59.38531	75.20745
20	59.12553	61.13693	59.37893	62.26597	76.9429
21	58.11747	60.44038	62.3289	63.61303	78.25982
22	59.79741	62.02408	62.31826	62.51947	82.27112
23	61.54591	60.70334	61.27194	69.00211	82.94779
24	63.31677	63.21332	66.11703	66.49795	84.1632
25	64.25429	65.38211	64.60817	69.20274	82.24707
26	66.65616	68.53171	67.48828	71.3468	83.68612
27	67.36742	67.97592	67.07279	72.90109	88.37559
28	69.80519	68.69343	71.04087	71.70738	87.57674
29	71.71902	68.72297	69.95072	75.56533	88.02789
30	74.04309	68.30702	71.39007	75.32379	88.4065
31	68.63676	72.11204	74.0249	76.93448	88.89244
32	74.98749	71.68325	74.03883	79.71974	92.76219
33	74.29682	74.12331	74.7299	77.50973	94.77257
34	72.72378	75.12156	75.1767	80.35666	95.64298
35	73.03273	76.8021	76.21866	83.59816	100.13359
36	75.38303	79.97271	81.73649	84.2798	98.8031
37	77.3992	76.78245	83.3362	88.28136	102.06018
38	80.547	79.7868	83.5379	87.97339	104.24722
39	79.02537	80.22472	82.91479	90.80736	108.24773
40	81.04404	84.62185	81.83719	91.5039	109.1524
41	81.29146	86.89552	87.74207	93.47078	108.14051
42	84.72603	88.39324	87.09146	95.49889	110.4047
43	84.30916	89.514	87.5442	95.04895	111.04655
44	86.27255	93.30021	88.55375	95.50456	112.49586
45	86.64986	90.228	92.48596	97.22599	113.50775
46	87.15082	87.96165	92.72734	98.39108	115.50934
47	88.33634	89.40473	93.0705	101.02094	118.47415
48	94.50659	90.7051	98.52772	103.44669	114.85972
49	91.45832	92.1477	94.62137	103.42915	120.60143
50	90.76007	94.17692	99.13365	105.22319	116.80665
51	94.69267	91.80354	98.67106	106.29297	120.95955
52	95.93604	95.80096	95.56254	108.38814	118.71298
53	98.4794	95.7657	98.43093	106.57897	122.41665
54	100.49703	96.43342	98.66754	108.97741	122.29503
55	101.40159	96.27782	99.33998	110.02584	122.45169
56	101.9764	98.36333	98.93962	113.90841	127.94899
57	105.35969	101.1409	97.18479	115.45113	128.27519
58	105.19856	101.97056	100.79261	114.98007	126.1937
59	103.59003	105.92448	99.84474	113.23737	127.85704
60	109.52976	104.21253	101.57716	113.94613	130.57461
61	109.62869	104.64748	103.56429	114.32775	127.16533
62	110.787	104.84754	106.98643	114.44478	132.02029
63	111.82853	108.30356	105.02612	116.26197	133.5389
64	113.15673	108.9936	108.78542	116.39681	137.59836
65	114.41822	110.7047	110.11473	117.44562	136.94156
66	115.10945	112.38818	110.23016	120.5611	138.85506
67	117.64759	114.3053	109.63136	120.86443	138.30129
68	119.93324	112.57497	110.58154	123.02356	139.45957
69	119.29821	112.99041	110.37056	124.63361	142.08192
70	118.75609	114.33164	110.25321	126.36803	145.37
71	118.49686	114.81943	111.96988	128.40376	144.23519
72	122.05758	117.93427	117.88707	129.69698	142.93784
73	123.16793	115.29708	116.25616	127.29488	146.05649
74	120.55578	115.65254	117.97069	135.25057	146.48598
75	124.29074	116.13696	117.76175	131.14142	146.27498
76	121.74847	118.62963	117.45408	136.16289	148.57972
77	127.49994	121.13029	120.03478	134.94259	147.08255
78	126.98029	124.40885	120.46667	138.65167	149.07266
79	127.9164	123.30065	120.46559	136.04979	153.694
80	130.95763	122.25848	124.93395	139.86533	155.95912
81	133.58891	124.8013	127.85471	138.26784	157.38522
82	136.68425	121.90024	128.52706	139.97597	155.04309
83	136.53514	124.44859	131.43977	140.67962	158.24826
84	138.23986	128.7193	129.12874	145.0454	157.06298
85	139.14924	127.65794	132.3266	146.08259	159.04479
86	141.58495	129.9086	130.72881	146.3817	158.80404
87	140.26148	133.80006	132.11842	148.56147	162.16619
88	144.49308	132.87996	130.56374	148.38277	164.90489
89	149.17392	135.21601	132.96381	147.5982	166.02742
90	148.8374	136.11947	134.57599	149.89224	168.61337
91	149.59497	135.37158	136.90885	145.67578	166.49234
92	153.23401	137.48153	134.71552	151.05659	168.36462
93	155.00667	139.89057	134.2788	150.40757	166.92977
94	155.28982	140.50786	135.18903	152.01335	175.44684
95	154.24674	141.58331	137.24066	155.04925	170.36075
96	157.97339	142.78237	139.15285	153.55035	170.90731
97	158.53118	142.46129	137.81819	157.11456	174.03488
98	160.03607	142.7987	139.16834	156.72782	178.38287
99	161.58498	143.41706	140.63243	158.81554	177.60503
100	166.14432	143.20758	138.47969	158.65945	178.00824
101	170.60039	147.30447	139.65324	160.18506	179.30668
102	172.92972	146.73338	140.03115	164.61198	181.65777
103	174.72237	146.74581	141.54334	165.64611	186.14812
104	179.13579	148.16573	142.51079	163.56652	185.38284
105	182.14701	150.62432	143.57403	163.11077	189.92985
106	187.54066	152.02023	141.87036	168.63023	194.57096
107	197.96893	150.4989	144.48291	170.73343	194.22022
108	203.07958	153.73387	143.12225	173.76765	197.17852
109	213.33813	157.92248	146.93903	175.87864	197.7563
110	220.23225	157.48465	151.31913	180.0105	199.74225
111	228.61881	156.47309	151.16669	180.37946	207.35292
112	236.52715	159.32623	152.06807	181.93755	208.50129
113	246.34457	159.03791	152.04821	183.23056	215.77797
114	257.19256	163.66186	154.1038	189.37969	220.86029
115	257.22071	164.18115	150.76492	196.12864	229.69019
116	262.00818	161.14477	155.8409	199.57259	233.1545
117	262.00543	165.89278	157.14855	208.44986	246.18415
118	260.02947	163.29894	158.85235	216.46587	248.64717
119	251.47121	167.38222	157.06147	223.40717	259.54982
120	245.06922	166.38277	157.53743	231.97926	267.85696
121	241.18388	168.55289	162.47998	241.02038	274.92555
122	232.49797	171.87575	163.66997	250.57661	--
123	229.75778	173.33528	163.37702	253.35285	--
124	227.42501	174.92737	163.06222	259.95217	--
125	226.05407	173.28666	162.90084	261.12848	--
126	225.89123	172.57411	163.05856	264.57757	--
127	226.68276	171.30245	163.53244	261.22532	275.76987
128	232.18139	171.82971	160.4532	262.52102	275.75777
129	236.88451	172.33415	163.08839	256.23373	268.60348
130	244.95293	173.49802	163.9457	254.99982	264.62029
131	249.58425	175.73462	163.23849	251.91838	258.4657
132	257.45568	180.09415	168.12597	248.22757	258.80215
133	262.98647	182.51748	168.37522	247.20733	259.51151
134	267.13584	186.37264	169.11738	243.87442	257.61375
135	267.44564	188.95654	168.82752	246.40399	260.42061
136	268.02864	194.53218	170.83672	243.13147	261.0494
137	268.38129	199.90191	169.86107	245.64764	259.40384
138	264.55663	204.98673	173.91514	244.56673	266.12993
139	261.38835	208.67163	174.76443	248.39575	264.7089
140	257.88288	223.02632	175.16077	252.10621	266.54044
141	252.73178	230.68821	175.22665	252.02616	273.82849
142	250.81778	238.55174	175.93824	256.70062	275.88156
143	245.41686	247.68144	178.46689	259.1849	280.1002
144	250.77176	256.45536	179.65918	265.26966	282.6296
145	243.93686	264.85834	176.85258	262.31221	282.9391
146	246.43645	269.91219	182.79945	266.53666	282.72747
147	244.24281	274.66039	182.03789	264.30203	284.71894
148	249.24792	272.48445	186.3006	263.72021	279.46798
149	255.74131	270.45667	185.03723	259.81917	283.19996
150	259.94906	267.0029	186.21057	260.49805	277.72566
151	262.68394	258.34471	187.12789	256.75252	276.75976
152	265.55493	254.79373	189.83927	255.40891	276.65168
153	267.61798	246.92449	192.78739	256.34595	279.11619
154	269.92649	242.49907	192.53566	260.89806	276.6301
155	270.2856	238.79344	194.36731	260.56863	280.93648
156	270.61754	235.25073	198.54342	259.81336	275.38536
157	265.5673	235.6524	199.04365	261.34785	277.61855
158	263.27195	236.66054	197.28711	263.41034	283.14254
159	262.71799	238.31497	202.39155	266.44388	279.69445
160	257.49579	242.99336	205.94767	268.04459	284.73303
161	253.09778	248.22273	208.40548	269.62069	287.10677
162	250.21254	253.79612	215.05676	270.49824	286.42684
163	248.76553	257.10905	221.77662	272.42358	286.9211
164	249.50455	259.9058	228.96704	273.79939	290.02074
165	252.41023	264.43388	239.45558	272.76614	286.83776
166	254.99745	264.26466	247.24105	273.1477	288.70414
167	257.55164	268.34132	258.75488	272.16379	290.15622
168	261.11322	266.41861	264.21645	273.33842	288.08394
169	265.97593	262.83744	272.858	273.36268	291.98255
170	267.8255	260.06559	271.6557	273.62932	293.22672
171	272.19609	256.73049	270.92212	272.43332	292.94594
172	273.87418	256.3474	271.25363	273.22453	293.45929
173	277.34003	253.80315	264.32129	271.87775	291.6249
174	276.74726	249.22791	259.86579	270.58066	292.49974
175	274.22849	252.59982	255.20119	276.01171	291.66414
176	271.65958	250.5263	250.12518	276.85979	291.80108
177	272.82835	250.59758	245.62628	275.65168	291.7036
178	268.65813	249.38589	242.83951	275.72057	293.09493
179	268.47624	253.87781	242.95614	277.6063	294.4191
180	263.29525	257.0912	241.10325	278.97648	296.70653
181	262.02642	260.26076	242.50374	279.73399	299.0462
182	261.91312	264.01709	244.80926	284.39629	298.25074
183	264.25848	268.1729	244.17079	285.30123	296.914
184	263.89161	269.72047	250.84495	284.08528	299.22005
185	266.89677	271.93531	252.66832	286.67012	299.58655
186	267.51143	274.18827	257.70999	282.79277	301.08576
187	270.34823	271.63904	264.81022	288.12649	299.38605
188	273.7937	271.61341	267.31421	286.55747	299.66044
189	278.10207	270.26924	270.28723	286.22004	299.5185
190	277.24048	268.05283	267.36925	287.65364	298.69776
191	280.2027	264.3744	270.23181	287.00131	301.38012
192	279.82222	264.88825	267.38238	287.47632	300.65937
193	280.5736	265.68537	268.74386	285.12572	303.93153
194	280.45972	264.42152	262.84951	283.83724	302.37386
195	276.6927	265.15898	260.92182	283.84691	307.2034
196	275.39284	263.68651	259.44161	287.66102	304.90301
197	273.76657	260.69092	258.49122	288.0862	308.585
198	274.98731	262.60426	256.85261	288.89686	310.57716
199	271.02843	265.9203	256.60755	286.36952	309.17942
200	268.0461	267.28877	255.31345	286.33466	311.74152
201	268.0002	268.124	258.36043	286.79734	313.60561
202	269.90218	272.23935	259.57676	288.84532	313.23717
203	270.1567	275.3981	261.7036	292.29245	314.94456
204	277.07193	276.22436	262.64325	289.42879	309.63
205	276.15451	272.05901	265.72765	290.7011	315.6866
206	278.00545	274.36713	268.04122	291.77124	317.52454
207	280.92388	275.79887	270.73641	290.64644	315.82089
208	285.47367	276.50746	266.02666	293.56051	314.52067
209	287.26002	272.86099	269.15291	290.23601	318.34142
210	290.5858	272.22348	267.81024	290.89748	317.55535
211	289.65866	270.14486	267.08624	290.24728	314.89018
212	286.86442	270.73806	269.23901	291.96291	315.06365
213	287.19893	270.17461	266.80011	292.59666	318.41355
214	285.87804	269.57513	267.73362	291.55154	316.46038
215	283.98641	268.49275	264.59434	294.86031	316.36167
216	282.53957	269.15601	266.08207	291.40724	321.87448
217	281.74539	269.54201	265.69387	296.95097	323.19789
218	277.87628	270.09431	263.11043	296.36582	323.72674
219	281.25396	272.10232	266.34801	297.23359	320.5022
220	277.36338	270.9338	267.91882	297.86045	324.4569
221	278.17206	276.82172	268.48529	302.29661	322.9384
222	282.28843	274.11435	268.06819	300.69892	322.43237
223	284.3198	274.4931	271.56343	300.82993	321.80596
224	285.78077	275.80705	269.84516	303.0961	322.30075
225	287.21461	278.83978	271.47484	302.91778	323.0555
226	289.44	276.16138	273.42617	304.44331	319.96069
227	290.53656	277.19986	273.96483	299.13482	320.61507
228	292.35642	274.10824	273.9004	299.12544	323.929
229	292.218	272.79446	273.43907	300.68715	321.86588
230	291.49733	272.76358	277.00482	300.38438	322.77547
231	292.35051	276.46776	275.54363	299.90432	325.54123
232	293.06491	275.10024	274.62579	299.50216	324.88168
233	289.50944	275.28061	272.85468	300.64677	328.40855
234	288.31671	275.36125	277.30428	300.57818	327.01564
235	286.63653	273.01737	278.38895	298.66022	328.97184
236	288.76707	273.5686	273.18244	300.19827	326.81868
237	283.76789	277.43725	276.4863	301.22036	324.84651
238	284.83535	281.99876	275.10568	301.91801	327.75365
239	287.88007	277.67876	275.49646	302.3912	328.52607
240	287.52481	279.39239	275.07482	305.37926	327.61226
241	289.1673	279.4885	277.06144	303.78614	330.21768
242	290.01371	281.99203	277.56767	302.28196	328.71216
243	291.35801	280.96279	278.50843	303.53073	329.75978
244	293.74032	281.32369	280.51338	305.25332	331.20947
245	296.12442	283.48108	281.80102	303.68935	328.64301
246	297.04922	282.83964	281.03395	304.84495	328.52606
247	295.14895	279.25583	282.89043	303.19644	331.80537
248	295.00601	277.44734	284.91248	304.87965	327.43623
249	294.96126	279.51505	287.63676	301.7379	326.98829
250	292.6929	281.28934	285.71103	299.91084	327.83915
251	292.92507	281.29438	287.54456	301.60992	328.63539
252	286.43757	280.55968	284.13802	300.94452	329.71388
253	288.86816	276.07394	287.4709	303.17999	331.27569
254	287.40536	277.62446	284.50486	306.94919	330.6929
255	287.23229	276.44006	282.95834	307.255	328.9329
256	287.17879	276.05268	287.12929	306.34312	331.60465
257	287.01944	276.38639	289.25203	310.95909	333.98983
258	285.80111	277.67176	286.96422	309.66253	332.28354
259	287.40296	281.10016	289.8647	308.36872	336.6639
260	289.78075	280.43189	290.68193	311.01753	338.76373
261	288.71916	280.05719	289.33889	310.60193	339.41061
262	291.2664	281.05815	289.12586	309.93295	339.46736
263	293.25459	283.70782	290.21508	309.28828	339.46515
264	297.85562	284.06523	286.26089	310.2283	340.25928
265	297.73525	285.74787	290.26166	310.70858	340.38989
266	299.85855	284.91054	291.23297	308.05991	339.04113
267	297.6557	284.31099	293.22685	314.20455	338.49466
268	298.85204	285.6989	288.79738	313.08021	339.88732
269	297.19613	283.4466	291.04487	310.72643	343.495
270	299.25319	284.56425	289.9794	311.4487	344.35802
271	297.28599	283.78704	290.1426	312.53647	345.33532
272	295.23285	284.77538	289.66019	313.88374	344.49558
273	292.94486	282.6994	293.41218	317.2557	343.13073
274	293.2215	282.56298	292.38894	319.10872	343.77677
275	291.14779	283.98752	288.2621	319.39137	343.98882
276	293.95987	287.55299	292.34423	321.24395	345.93779
277	293.57264	290.51268	292.38024	319.87957	344.81041
278	296.42168	290.10327	292.93116	317.24624	343.31378
279	298.11542	292.07161	296.24587	318.1909	346.94136
280	295.79446	291.40673	295.25381	315.41517	346.2616
281	297.18593	293.7678	296.31536	315.33105	346.20511
282	296.03051	293.36309	294.26614	318.34342	343.92953
283	300.96836	295.11762	292.84106	317.80613	344.21005
284	299.77266	293.45385	296.80593	315.58716	346.38502
285	298.98352	295.08315	297.66761	315.80029	347.68297
286	301.64315	293.47752	294.43395	316.5056	347.60928
287	301.75568	296.10285	301.16611	312.92197	346.41123
288	300.90712	293.04523	299.73928	315.5796	351.21292
289	300.68458	297.46714	299.50365	314.14073	349.08376
290	296.80889	294.08573	295.46776	317.81584	344.89346
291	297.13706	299.65398	300.90558	320.26274	346.05219
292	299.01092	294.24704	301.25584	320.55252	348.37437
293	294.87928	294.95559	301.51652	322.11836	347.02605
294	299.55216	295.77817	300.04212	323.08078	349.9111
295	298.58046	298.03957	298.72651	323.18522	349.94847
296	299.33056	299.83754	300.90616	324.37201	347.92578
297	298.72288	298.43578	302.3379	324.81593	350.52989
298	300.00668	298.628	302.80505	324.34545	349.87135
299	301.89921	300.64162	302.18824	326.33269	352.5389
300	302.13315	302.77568	301.45139	326.64724	350.40752
301	301.53952	301.6327	302.78454	324.531	351.74829
302	301.50652	300.31041	301.88765	327.0571	353.77323
303	303.01898	301.81103	303.75323	329.68686	353.81584
304	302.81992	301.19123	304.28064	327.49084	353.94259
305	300.66296	303.83694	301.59543	328.34023	353.65527
306	300.83451	303.08691	300.01631	328.35881	353.56624
307	302.5868	305.67098	304.78321	325.05267	353.58888
308	302.24162	304.23512	302.46153	327.87223	355.93371
309	301.7225	306.80568	303.84803	324.08339	356.1812
310	304.46989	305.52025	303.53666	324.03754	358.20001
311	301.27197	308.26946	304.84805	324.04468	355.26579
312	303.64069	308.75806	302.9362	324.7242	357.83984
313	303.0939	305.73746	304.93808	331.43671	357.88664
314	303.61859	307.46182	305.99061	327.37831	355.95941
315	306.38383	306.33167	306.41033	327.14554	361.24544
316	304.84526	308.90303	306.79128	325.88395	360.55828
317	306.31565	307.31703	311.45484	331.22403	357.15058
318	307.69155	306.55563	312.49598	332.48839	358.96428
319	308.68202	309.61554	310.3264	330.26361	359.59862
320	307.4246	310.86683	310.09334	330.92954	359.63999
321	307.44587	308.90927	313.28881	331.97958	360.1027
322	309.18162	308.77859	313.83212	332.71306	362.08158
323	305.51073	309.72151	313.83691	334.64416	360.50852
324	308.32386	311.11644	314.30358	335.84299	362.66044
325	305.40935	313.62113	315.75145	333.43125	363.10278
326	302.89394	311.87484	317.23405	335.458	360.75416
327	307.01373	310.88526	312.84292	335.94128	360.36568
328	305.39893	312.13716	312.97309	335.47199	361.50379
329	306.20985	312.11248	315.93698	336.52177	363.87278
330	306.03677	312.68782	317.3017	335.0773	365.07745
331	306.63995	313.72741	314.67708	336.50887	365.80795
332	307.14684	313.10494	317.67624	339.69307	366.28329
333	306.00046	313.61326	315.82452	342.02443	369.52762
334	306.33354	312.62503	315.32829	340.82368	366.4589
335	308.79387	312.516	315.23359	343.34735	366.63713
336	307.71704	310.22502	319.64138	343.42612	367.93724
337	310.32137	313.69224	317.80649	339.17241	366.93838
338	309.92226	313.75508	319.50325	337.98635	366.01408
339	309.75161	312.64217	316.45306	338.21403	366.93924
340	307.08976	316.09099	318.22665	341.61335	368.63854
341	306.96497	313.1955	317.34048	340.90766	367.09164
342	304.3277	309.35259	317.14536	339.87675	366.1049
343	307.08419	311.77772	317.4861	335.4799	367.34143
344	305.1442	312.7739	317.75225	340.21963	368.2706
345	304.55876	310.21493	316.56258	341.15837	366.59215
346	304.08824	312.66026	316.71357	337.38779	367.18797
347	304.66531	314.59695	317.18769	341.671	367.46417
348	305.5006	312.78107	317.35494	338.34508	367.49175
349	304.44817	317.8118	315.07292	346.54663	366.94235
350	304.57068	315.91798	315.9438	344.77432	369.17624
351	305.559	315.85845	315.63233	344.10092	367.43701
352	306.43075	314.94896	315.04931	347.37306	369.16033
353	308.17379	316.47906	316.44856	347.00416	371.78786
354	307.71303	316.04726	319.33022	345.60626	368.72914
355	305.49541	314.23416	318.81619	346.31434	365.84388
356	306.72665	314.33778	320.85765	346.16744	366.55696
357	307.86582	314.31496	316.23358	347.0788	366.22125
358	307.53647	313.77623	316.40983	345.83669	367.73723
359	306.53532	313.26045	318.13043	343.28253	367.08601
360	307.0611	314.80795	317.35246	344.17065	366.58747
361	304.73899	316.98546	319.05562	342.22196	367.65005
362	304.56154	318.47665	322.67551	344.12232	368.34382
363	307.29649	319.533	317.81241	343.08742	370.52476
364	303.80593	321.31195	316.40108	345.47394	368.28375
365	305.69504	319.37153	318.28042	346.2432	371.97012
366	306.93467	318.65329	315.56943	346.58014	372.17201
367	305.89589	317.04668	316.09247	350.80493	370.72034
368	305.63819	318.59411	315.39915	347.36074	370.09347
369	308.19442	319.62205	316.7525	350.07366	372.51232
370	307.73064	320.48535	316.949	349.81796	369.91698
371	310.64934	318.66021	320.99843	348.12281	373.41361
372	310.39061	317.93779	318.94809	350.86862	374.53689
373	310.46101	318.12948	324.84134	351.73805	375.47961
374	308.64432	319.5026	322.99882	352.4419	373.2027
375	308.2477	318.73823	326.11388	350.74945	376.98035
376	307.50953	319.21718	326.55914	350.54545	376.69761
377	308.20882	317.24306	324.70474	352.3304	376.96504
378	309.61653	319.13484	324.89261	349.6427	379.40009
379	308.00642	319.14565	327.86144	351.23024	380.10274
380	307.41098	319.6029	327.16885	352.80127	378.26636
381	307.19302	317.99568	326.88464	357.66132	378.28191
382	307.59124	319.1886	327.46371	352.34618	378.27342
383	307.56452	321.2575	327.1817	350.37387	379.09569
384	308.66747	321.84759	328.00073	350.74416	379.62984
385	307.56394	322.29739	326.00842	349.39022	382.64202
386	310.53426	320.81227	325.28625	351.10117	380.6858
387	311.11022	319.82981	328.23111	350.71827	380.72085
388	313.13253	321.50009	327.77985	350.7223	380.71235
389	310.79345	319.6508	326.33608	353.71024	383.97039
390	312.67127	321.04476	327.49192	353.495	384.66671
391	312.02882	320.15907	326.4606	354.93805	383.95165
392	312.95809	320.24946	327.40481	351.38829	383.51128
393	313.50638	317.42511	329.82089	352.05481	383.8096
394	313.29168	321.37254	328.96501	350.88246	382.92047
395	309.69115	318.73582	328.14543	352.98501	385.06485
396	310.71406	321.65928	330.05752	353.27761	383.25355
397	310.02137	320.19205	329.46182	351.41179	383.36032
398	310.52877	318.06661	331.37821	351.18701	382.81881
399	311.21711	321.37908	328.94987	353.22662	384.7176
400	309.32799	320.1805	329.57124	355.2906	385.88526
401	309.37637	321.62811	329.79367	353.86008	384.53585
402	308.84644	319.4771	329.17884	351.71162	385.34522
403	309.97613	321.16003	329.54672	353.84943	382.2439
404	312.25815	322.53271	330.13319	353.93455	384.15516
405	313.75636	320.7318	330.15299	356.85557	384.54257
406	315.82747	323.52691	331.4885	354.4464	384.46118
407	313.96543	322.94075	328.11507	351.34087	381.92528
408	311.88347	322.93752	328.89813	353.41428	383.10912
409	313.58883	320.8001	326.60267	355.49648	386.31088
410	311.46313	323.22019	328.10202	355.1891	385.81543
411	308.67897	322.3436	329.70414	353.88412	385.54551
412	310.53492	323.2126	327.59464	354.53446	384.56592
413	308.93122	322.00359	325.89502	356.43954	387.87482
414	311.56717	323.91271	329.86379	356.4189	389.24478
415	311.6607	322.27319	329.35187	355.4735	390.8371
416	312.50821	322.56321	327.49212	357.8508	389.1332
417	311.38197	322.68866	329.35444	358.95906	389.16032
418	311.67677	322.3917	331.39411	355.55936	391.38483
419	313.02055	323.35891	330.77133	358.21145	390.19643
420	313.41393	325.33093	328.21189	355.67569	389.35885
421	314.222	323.8489	328.06621	358.52162	387.14904
422	314.18617	324.40325	330.91779	355.93606	391.01595
423	315.70585	325.10266	333.23751	354.56154	394.69413
424	315.91142	325.99599	330.34223	358.40667	393.09567
425	315.87822	323.0026	329.32487	360.26432	390.50681
426	314.59853	321.30301	330.74745	360.58737	392.28154
427	314.01707	321.38845	328.31015	359.2951	390.97794
428	312.57164	322.9801	329.2134	362.06536	391.07676
429	311.8902	324.7426	329.10525	359.49894	393.44483
430	312.71245	323.24309	331.45576	361.00559	397.02501
431	312.24279	320.90271	327.13752	362.0864	395.36593
432	311.44166	323.27841	326.58823	365.14569	395.04222
433	311.39641	323.15758	330.25525	364.23112	396.75122
434	307.95205	321.3329	329.13356	363.35725	394.53661
435	312.83281	323.46673	329.66091	364.756	396.0685
436	314.18415	324.7549	330.04916	363.28037	395.6355
437	310.99702	322.48946	331.08609	365.36663	398.24433
438	315.87903	324.62979	328.77749	363.94335	396.36408
439	314.47089	323.46533	329.97882	366.05734	398.43055
440	313.58652	322.3489	330.71933	363.87091	399.06237
441	315.85971	321.59279	330.1192	361.28283	400.92227
442	315.16069	323.64448	333.7518	362.62333	401.33324
443	312.47951	325.56771	331.2402	362.95287	400.22807
444	314.04022	323.65068	333.17463	365.76211	399.88187
445	313.28803	322.2704	332.56504	364.46319	401.07131
446	311.6307	323.77837	332.81977	363.24609	401.00461
447	311.64854	322.72745	332.9341	367.10401	403.73615
448	312.36037	323.44239	331.51829	371.06598	401.91678
449	311.10576	325.53924	329.79302	368.89153	401.55105
450	312.88059	323.4578	331.80722	367.9518	400.18994
451	313.80974	322.32014	334.38979	371.92624	398.90572
452	311.52795	324.97799	329.26349	372.02144	399.88462
453	311.55125	325.77072	329.74254	371.14471	399.85261
454	312.325	324.54609	331.69479	371.57367	402.05822
455	316.95521	324.72048	329.3013	373.58116	400.65923
456	316.75223	323.35639	330.07962	373.11464	404.32414
457	316.47626	324.89547	332.32449	375.06345	401.21034
458	315.04138	325.22944	331.77576	375.72611	405.20275
459	316.03127	325.37933	331.50076	373.43232	401.34073
460	315.31981	324.79062	330.12363	375.30777	405.42035
461	314.13031	324.83846	331.86228	374.15878	404.51961
462	310.34191	326.46412	331.63535	375.57747	403.59117
463	313.03316	325.05129	331.16195	377.26707	405.2793
464	312.35545	324.97289	331.72941	376.75569	404.40379
465	312.38505	326.08896	330.79838	378.20418	404.01858
466	312.28839	328.03402	331.69322	379.58468	404.84332
467	313.75753	328.4449	330.93746	378.28399	403.23102
468	313.7455	327.23897	331.98403	377.07673	402.53413
469	312.9937	326.66378	332.44264	379.78007	408.09726
470	310.66766	327.89898	333.12031	378.95827	403.68654
471	313.76681	325.26166	334.11427	381.31766	400.99579
472	314.08242	325.02501	332.1402	381.52976	403.30773
473	315.07412	324.59232	331.3472	382.66051	407.45625
474	315.28999	327.13127	332.59503	379.18878	406.59883
475	314.14887	324.58694	332.89564	379.52038	407.20597
476	314.48874	328.59891	335.43761	379.24597	405.4176
477	314.22438	327.90201	334.50168	380.34565	405.64036
478	315.76923	328.76082	334.26223	382.66181	408.86066
479	313.77237	327.86032	333.50229	380.72492	407.30633
480	311.00697	326.95118	334.64719	379.48168	405.52817
481	312.47614	327.70574	334.55371	376.7593	408.79366
482	312.53793	329.51003	333.0987	377.62339	407.37957
483	310.56621	327.4053	330.62806	379.88808	409.20024
484	312.92068	327.87333	331.54927	379.57711	407.03272
485	314.66485	327.57725	331.72264	379.32372	408.15766
486	315.00534	327.78198	333.24348	375.50243	410.74525
487	316.28692	328.0309	333.15704	378.03609	409.18873
488	316.99139	326.03767	336.34323	375.5411	409.8424
489	317.02814	327.15198	332.5904	378.91778	411.07142
490	316.82079	325.59661	332.7306	374.57577	410.0357
491	319.35471	327.99127	332.2874	375.47465	408.64782
492	315.06881	328.23542	334.96918	374.86353	408.26689
493	316.37309	326.77528	334.25313	375.3301	408.22914
494	316.19992	327.1617	335.52142	378.38765	408.24823
495	314.84572	328.39393	334.5526	376.76841	408.70689
496	313.90097	328.12489	334.16638	376.56156	411.58733
497	311.60392	329.02375	334.12357	379.97443	412.7903
498	310.62974	328.34166	335.48999	377.78411	413.51665
499	310.10452	326.48141	334.92495	378.35345	414.71172
500	310.58974	328.94557	335.44023	376.49848	412.02782
501	314.20962	329.6536	333.20969	374.65904	414.31585
502	313.56452	329.58433	331.37923	374.82478	417.36775
503	318.44457	326.97032	334.33721	375.69899	419.66179
504	315.88297	326.97046	335.84874	376.89331	416.93217
505	320.27144	326.24058	335.49001	375.64983	415.11237
506	319.21116	328.06774	336.46264	375.42918	414.72006
507	321.35949	325.90629	336.90519	378.60114	416.32113
508	317.16756	328.92675	337.73456	377.63119	420.44395
509	315.52864	328.55917	336.35775	376.57057	418.21509
510	316.54186	327.44945	338.60436	376.48481	417.978
511	314.0023	327.07835	339.12054	375.65552	415.76806
512	313.94724	328.04842	336.54017	379.61345	417.21636
513	312.49623	328.28508	335.10097	379.02459	417.21528
514	310.95042	328.57255	335.93023	377.49473	414.18877
515	308.50561	326.66602	338.35281	377.86806	417.35454
516	311.7789	327.9147	337.86879	379.70056	416.8696
517	311.90222	328.81635	336.21083	377.97268	415.67753
518	313.60967	329.00098	336.98312	378.81261	414.85396
519	314.98433	327.87548	332.83199	378.26238	414.24217
520	315.36808	327.68345	336.87088	375.88838	412.85584
521	318.50785	327.5967	336.56617	377.51987	415.14416
522	320.26031	327.41228	337.48754	376.58234	412.9425
523	321.37258	329.25266	338.65605	377.36503	415.61879
524	319.93614	329.1187	335.95228	375.99605	413.54116
525	318.40265	327.31472	336.056	378.16355	418.57324
526	317.70773	327.51646	337.4199	377.19413	419.51433
527	315.3901	326.71497	338.15682	381.06908	421.08033
528	311.07001	328.11444	337.06971	381.23453	423.9257
529	310.15675	327.6487	337.93056	381.54641	423.38693
530	309.24129	325.11943	338.18214	381.56098	422.32288
531	310.31067	326.73875	336.35022	382.39008	421.97296
532	312.80558	329.57578	337.79375	377.90748	423.53573
533	313.34484	328.14643	338.83249	378.10379	423.86807
534	314.07676	331.01908	338.30751	378.97436	426.59225
535	317.00447	326.90718	338.93273	378.6761	423.73838
536	318.70902	329.22445	338.02598	377.15309	422.92678
537	317.5272	328.30236	340.07262	378.78839	416.92141
538	316.94653	328.4839	340.19033	377.28841	420.34432
539	320.20441	330.25949	339.53394	379.57097	420.39289
540	321.35319	328.20919	338.74647	380.23665	421.46102
541	319.78226	327.3025	338.39247	379.27855	419.68456
542	317.98452	327.92987	339.72865	381.38891	421.32611
543	312.84797	327.56407	339.18249	382.44778	421.09759
544	311.81226	329.22344	337.8176	384.15987	423.04719
545	311.44197	329.82369	337.36639	381.16567	423.835
546	310.10427	330.51419	336.96148	380.96215	423.30112
547	310.06287	328.70758	337.59915	383.73025	423.12391
548	310.00126	327.75133	338.83494	381.05444	423.21696
549	313.23929	329.64152	337.13943	377.84052	422.69058
550	311.17978	331.21135	338.05631	380.12642	424.85282
551	315.71549	327.95002	336.14993	378.71233	427.37049
552	316.80488	328.81207	337.04005	379.91205	428.56755
553	318.97911	329.25834	335.4424	381.6991	426.88435
554	320.99813	329.24823	335.94482	381.44553	428.77888
555	322.9179	331.49441	339.03884	382.34587	426.9972
556	320.41086	328.53677	337.99129	380.69599	427.9829
557	319.05742	327.74134	338.10978	381.48337	429.88108
558	319.68692	328.40045	337.21901	380.38769	429.30225
559	317.37772	329.51412	340.92863	379.61076	431.97435
560	314.82538	328.39247	341.00065	379.50603	430.03713
561	312.22583	330.46299	341.00349	380.01778	427.61998
562	313.10334	329.00105	339.1164	378.52384	433.09176
563	310.02507	330.56328	337.78334	380.92524	431.71135
564	310.88022	331.47521	337.46758	380.2292	431.68283
565	311.10276	328.88477	338.49602	378.00642	433.19797
566	312.40384	330.77145	336.93998	380.42828	433.32785
567	314.7886	329.18759	337.1988	381.77552	436.00117
568	314.16605	328.36818	338.62702	378.27315	438.0351
569	319.10075	331.37565	338.00426	379.31977	437.9168
570	320.42254	330.83834	339.96469	379.48494	437.02909
571	318.96002	330.29808	338.69334	381.62133	440.27543
572	318.68382	328.53503	338.0604	381.40109	438.46005
573	317.19566	330.06166	337.5744	382.45379	436.56883
574	317.09457	328.38875	339.25557	382.76828	437.10397
575	319.30019	329.09963	339.56306	383.24243	434.5827
576	315.73587	331.14319	340.42803	383.79423	435.3972
577	312.8268	331.44606	340.3694	379.30676	433.67115
578	310.84721	329.79641	342.31173	382.7511	429.81056
579	309.68398	328.83917	340.13173	380.34663	433.6687
580	310.54633	326.21551	342.1507	382.87787	435.50107
581	308.38455	329.77337	341.15328	385.34228	437.20947
582	312.1652	328.51903	338.9715	382.31429	435.35048
583	311.92591	328.9296	337.83219	380.90134	435.80248
584	312.47053	328.95547	338.4915	381.32258	437.96074
585	315.82899	328.66978	337.33785	378.0656	436.89756
586	317.99196	329.23839	336.92282	381.99942	436.51863
587	322.04179	328.35012	338.59884	380.47217	441.60361
588	324.53153	329.9707	341.84518	381.89957	440.63655
589	323.1392	331.16252	339.45003	383.57922	444.84197
590	324.29147	330.09177	340.43067	383.2363	445.12791
591	318.90771	330.28132	339.07961	381.60864	445.3457
592	318.60099	330.36498	342.72668	383.36204	443.89959
593	317.10485	329.65707	341.59848	383.52161	442.49426
594	314.10945	331.03398	340.98976	384.11688	442.6278
595	310.68061	329.37802	341.74619	383.57824	442.10587
596	310.15209	327.91175	340.87317	385.31581	443.22888
597	309.44745	330.01539	338.99237	382.61984	442.6845
598	307.42567	328.55723	340.56891	381.4918	447.28425
599	307.2847	329.16088	338.25228	386.16021	442.86676
600	310.01416	331.34924	340.64603	385.00518	445.15899
601	310.01416	331.34924	340.64603	385.00518	445.15899
602	312.76377	327.95827	343.51728	386.95675	448.94254
603	312.75193	325.81113	342.13423	385.77199	449.3342
604	319.35305	326.32242	344.0395	384.44571	451.80474
605	320.59557	327.80548	343.21365	385.27824	451.29618
606	324.52615	327.26111	345.99827	387.40405	455.70684
607	323.00678	325.91342	347.47253	388.37179	458.0111
608	324.30836	325.29507	347.64103	387.17125	461.74184
609	321.32015	323.06086	344.91127	385.65191	463.98019
610	322.81748	323.91378	346.3884	388.24653	464.89145
611	318.32049	326.74109	345.74021	387.20878	464.44968
612	314.18838	321.60451	348.35744	385.07333	465.49978
613	313.36555	323.58208	346.24091	386.40492	469.96961
614	312.75436	324.02408	345.35055	384.10899	472.17797
615	311.92356	325.21347	343.99238	385.33156	469.26171
616	316.70493	324.21062	345.86631	385.98728	470.15468
617	317.38412	326.67809	345.0136	386.5242	470.30055
618	320.74752	324.32251	344.73652	386.08595	474.25546
619	321.62017	326.76948	342.9202	386.86335	472.69818
620	322.81112	326.32202	347.11894	387.14498	471.52105
621	325.33809	323.49324	345.20646	386.8918	469.49415
622	325.13359	324.63391	342.9889	388.19593	467.39198
623	325.80027	323.38934	344.09557	386.07652	468.84346
624	321.72909	324.0374	345.09767	388.40247	467.05957
625	316.81309	324.35929	346.37804	389.7198	469.03504
626	311.15648	323.87458	346.84795	388.96944	469.00626
627	308.46508	324.79483	346.03208	390.35069	471.53988
628	303.80958	323.6774	346.93885	389.81222	474.11384
629	302.75272	326.33982	346.20259	386.82073	475.76556
630	301.72887	326.56438	348.50657	387.598	478.31181
631	301.96437	326.90326	349.18958	388.40357	479.79202
632	302.6973	325.54829	348.03227	387.69139	476.82308
633	304.28661	329.03589	346.87659	385.94101	477.822
634	308.51022	328.3651	346.0294	387.19487	475.40023
635	315.08905	328.78291	346.08871	386.87609	477.48959
636	320.20817	329.00626	345.55386	386.25959	477.72753
637	323.72518	327.60736	343.9222	386.41811	477.99296
638	328.82762	328.5755	342.64271	387.56305	477.90023
639	329.12046	326.14417	345.20707	386.80372	475.84655
640	330.65047	322.75425	344.35126	383.34809	475.24849
641	331.26624	325.01263	345.33991	384.08598	478.5772
642	327.87865	324.65351	344.67195	384.17808	479.00552
643	322.26834	324.46912	345.41577	385.86373	479.29473
644	320.12465	324.52469	346.92858	385.79511	475.79462
645	314.68147	323.86747	345.12291	385.70177	475.70328
646	313.46228	324.90249	345.22121	385.05742	478.31744
647	309.20584	325.25857	345.50842	385.48783	475.65672
648	308.30683	328.08887	346.41593	387.03338	478.03934
649	308.9857	326.24126	345.28802	385.53672	478.96215
650	310.68211	326.62766	345.83476	387.93908	476.1275
651	312.53735	325.84393	348.58494	387.57741	478.12629
652	313.50033	325.56127	346.2984	386.21307	477.90224
653	313.86656	326.55704	346.44995	387.1434	479.80693
654	317.20256	325.93295	346.22542	386.76575	479.06999
655	314.85001	325.4171	345.80347	387.64976	481.06333
656	314.67999	327.25864	344.33264	386.87824	479.71976
657	313.42157	327.91608	347.03998	386.30253	480.66783
658	313.45891	324.93307	346.10731	388.71835	481.0025
659	310.74953	324.74664	347.94432	386.30604	481.44037
660	307.84628	323.89942	347.50108	388.04974	482.77972
661	304.39379	323.27348	346.05538	387.03654	481.93944
662	302.62707	324.67546	347.49381	388.02099	481.89218
663	301.75654	325.16327	348.39208	386.46755	482.03735
664	301.93004	325.83282	348.02513	384.91821	482.86796
665	302.84192	326.2563	348.44821	387.42808	482.15966
666	304.31419	326.7621	348.2572	386.05108	484.0066
667	311.28721	327.2551	347.14513	386.95423	483.38089
668	313.27866	327.17387	345.08623	385.97251	484.06218
669	314.92147	325.79573	345.79437	384.40166	485.48877
670	314.92147	325.64299	346.03612	383.16618	481.54424
671	314.92147	326.39368	348.53052	384.44836	481.25645
672	314.92147	325.73189	347.94924	384.7974	483.32741
673	314.92147	325.17011	347.92535	387.14594	484.19605
674	314.92147	326.23974	346.57844	385.84939	483.89317
675	314.92147	324.16987	346.63813	386.36037	483.58683
676	314.92147	324.70567	347.25968	384.31849	485.90008
677	314.92147	324.49205	347.48785	382.78737	486.73378
678	314.92147	325.15645	347.80948	385.15897	488.23212
679	314.92147	328.63795	347.75275	385.76587	483.80959
680	314.92147	325.12902	348.843	386.4138	488.58545
681	314.92147	328.277	346.10509	385.09767	490.10657
682	314.92147	327.75735	347.14452	386.20825	490.88934
683	314.92147	328.02165	345.56655	388.34465	491.86005
684	314.92147	327.71359	349.27446	389.46193	492.5468
685	314.92147	327.7516	346.60727	387.58022	493.37564
686	314.92147	328.79064	346.40949	383.43036	491.92609
687	314.92147	328.53542	348.66276	386.13272	490.77696
688	314.92147	325.91493	348.09107	389.21906	491.2487
689	314.92147	323.87439	345.57512	387.40392	489.84133
690	314.92147	325.42928	345.71727	388.34818	490.88627
691	314.92147	324.32312	347.68946	385.81716	491.92123
692	314.92147	324.52523	347.67373	384.46166	491.44497
693	314.92147	324.00196	349.28758	385.49023	487.8769
694	314.92147	326.68794	348.98436	387.30395	490.32631
695	314.92147	326.45082	348.31113	385.90977	487.94988
696	314.92147	325.65496	347.63937	387.38855	490.29778
697	314.92147	325.95277	350.72535	388.11215	488.759
698	314.92147	326.77352	346.37826	387.14733	487.58213
699	314.92147	327.58985	345.29407	387.82928	485.18691
700	314.92147	326.30034	346.13998	385.65877	486.74556
701	314.92147	325.9566	348.7175	385.38148	490.18438
702	314.92147	324.81331	349.1606	386.83567	489.01913
703	314.92147	324.34831	344.62857	385.26574	491.7773
704	314.92147	325.04327	349.67988	386.00783	487.67017
705	314.92147	323.96496	347.53926	383.51376	488.52326
706	314.92147	326.21194	347.63479	384.69837	489.65186
707	314.92147	325.94292	348.27096	386.14042	492.4559
708	314.92147	326.17373	346.45465	385.45621	489.66602
709	314.92147	326.5681	346.494	386.0629	491.55708
710	314.92147	327.00545	349.09492	386.08207	490.95642
711	314.92147	328.23177	349.1964	387.13403	491.14421
712	314.92147	328.68578	345.18859	385.8491	493.72189
713	314.92147	328.08571	349.20429	384.74966	494.34217
714	314.92147	328.06331	347.96484	384.34633	493.50751
715	314.92147	328.1071	347.8809	386.63347	496.13387
716	314.92147	325.91166	348.67311	387.57632	494.91868
717	314.92147	325.51112	347.87862	387.28666	494.60428
718	314.92147	324.95184	346.77648	388.73613	494.57215
719	314.92147	326.67185	346.84535	385.99147	497.19524
720	314.92147	326.18899	347.1463	386.89576	496.56681
721	314.92147	325.69872	345.36887	387.84849	497.47108
722	314.92147	325.83249	347.05501	386.06489	498.8376
723	314.92147	325.9042	349.82608	386.18429	497.46301
724	314.92147	326.05795	348.58452	386.54273	496.17356
725	314.92147	325.23417	348.36063	386.29484	496.91418
726	314.92147	326.39021	350.00829	382.78833	498.74744
727	314.92147	326.24731	347.7112	383.95535	498.50035
728	314.92147	325.25687	347.47287	384.1433	497.67373
729	314.92147	327.43578	348.73243	384.57212	496.15286
730	314.92147	326.66235	346.21616	384.16223	498.4016
731	314.92147	326.30192	346.43955	384.51547	498.54807
732	314.92147	326.0879	346.24174	383.33126	496.78824
733	314.92147	324.12911	346.54253	383.84446	499.58947
734	314.92147	324.94149	349.53048	385.35753	498.71724
735	314.92147	325.74999	348.24875	384.74018	496.79656
736	314.92147	323.60649	347.22828	385.44174	499.18191
737	314.92147	324.34272	346.95948	384.34942	498.28373
738	314.92147	325.42643	348.24603	383.04814	501.38002
739	314.92147	326.10521	348.01805	386.06774	499.55855
740	314.92147	326.60402	350.33506	384.01303	498.4416
741	314.92147	324.63025	350.5155	385.26774	498.36462
742	314.92147	327.4916	350.16379	384.07839	495.97232
743	314.92147	325.99295	347.72501	385.06148	498.57982
744	314.92147	328.02249	348.07808	384.44856	497.78779
745	314.92147	327.97133	345.97511	385.70771	498.25502
746	314.92147	327.74712	346.14047	385.88448	500.15733
747	314.92147	327.56203	348.28955	385.55194	499.36234
748	314.92147	327.41226	347.75934	387.05007	499.11548
749	314.92147	326.82634	346.05959	387.58087	501.01767
750	314.92147	326.02953	347.6289	388.90332	498.72635
751	314.92147	326.2668	346.60309	386.57313	499.26739
752	314.92147	325.14405	348.10591	387.14073	499.71298
753	314.92147	325.12762	349.7867	387.19833	499.59946
754	314.92147	326.35852	349.16178	386.46755	501.24191
755	314.92147	326.33217	347.38966	386.00811	499.9063
756	314.92147	325.99195	348.98489	385.83176	498.10356
757	314.92147	326.37262	349.26776	384.53838	498.68752
758	314.92147	326.7654	349.44655	385.54325	497.64405
759	314.92147	327.2425	347.80812	385.77934	496.50801
760	314.92147	327.37812	347.67747	386.16961	499.53984
761	314.92147	325.25212	347.58354	384.53948	499.97641
762	314.92147	325.18064	347.56954	384.91276	498.63714
763	314.92147	324.81441	347.21968	384.92352	497.38221
764	314.92147	324.62335	346.93115	385.13162	499.80124
765	314.92147	324.26167	346.71465	385.04405	500.57985
766	314.92147	323.98546	346.7875	385.04861	500.74054
767	314.92147	325.66072	348.35827	384.61312	498.59857
768	314.92147	325.49945	348.56756	384.44993	498.71195
769	314.92147	325.54949	346.78436	384.41107	500.48862
770	314.92147	325.7879	348.054	385.15253	500.41299
771		325.96371	348.17262	384.8124	498.67537