1 0 0
2 0 0
3 0 0
4 0 0
5 0 0
6 0 0
7 0 0
8 0 0
9 0 0
10 0 0
11 0 0
12 0 0
13 0 0
14 0 0
15 0 0
16 0 0
17 0 0
18 0 0
19 0 0
20 0 0
21 0 0
22 0 0
23 0 0
24 0 0
25 0 0
26 0 0
27 0 0
28 0 0
29 0 0
30 0 0
31 0 0
32 0 0
33 0 0
34 0 0
35 0 0
36 0 0
37 0 0
38 0 0
39 0 0
40 0 0
41 0 0
42 0 0
43 0 0
44 0 0
45 0 0
46 0 0
47 0 0
48 0 0
49 0 0
50 0 0
51 0 0
52 0 0
53 0 0
54 0 0
55 0 0
56 0 0
57 0 0
58 0 0
59 0 0
60 0 0
61 0 0
62 0 0
63 0 0
64 0 0
65 0 0
66 0 0
67 0 0
68 0 0
69 0 0
70 0 0
71 0 0
72 0 0
73 0 0
74 0 0
75 0 0
76 0 0
77 0 0
78 0 0
79 0 0
80 0 0
81 0 0
82 0 0
83 0 0
84 0 0
85 0 0
86 0 0
87 0 0
88 0 0
89 1 0
90 1 0
91 0 0
92 0 0
93 2 0
94 1 0
95 1 0
96 0 0
97 0 0
98 1 0
99 0 0
100 1 0
101 2 0
102 2 0
103 3 0
104 5 0
105 7 0
106 5 0
107 9 0
108 8 1
109 7 6
110 7 11
111 6 13
112 8 21
113 7 30
114 3 41
115 2 78
116 2 102
117 1 173
118 1 239
119 1 304
120 2 375
121 0 419
122 0 487
123 0 532
124 0 563
125 0 571
126 0 564
127 1 524
128 0 493
129 0 453
130 1 417
131 2 384
132 5 339
133 7 335
134 9 311
135 12 294
136 11 287
137 12 293
138 12 312
139 11 339
140 10 365
141 7 380
142 6 391
143 8 405
144 5 430
145 7 446
146 7 444
147 6 429
148 7 434
149 8 432
150 8 422
151 10 420
152 11 397
153 12 403
154 13 398
155 14 401
156 13 389
157 12 378
158 15 383
159 11 396
160 12 394
161 13 402
162 12 413
163 12 404
164 14 407
165 14 420
166 16 419
167 14 425
168 13 417
169 13 416
170 16 417
171 17 411
172 17 414
173 19 412
174 20 419
175 20 418
176 20 411
177 21 407
178 24 415
179 22 416
180 22 424
181 22 413
182 25 406
183 26 417
184 22 419
185 23 418
186 21 413
187 23 411
188 23 419
189 23 412
190 24 405
191 30 407
192 34 417
193 29 419
194 30 420
195 32 418
196 31 404
197 31 407
198 33 424
199 30 423
200 32 422
201 33 428
202 37 434
203 39 438
204 36 431
205 41 432
206 43 434
207 44 431
208 38 423
209 43 425
210 40 423
211 39 430
212 44 423
213 44 431
214 45 433
215 43 436
216 42 434
217 41 436
218 47 433
219 46 429
220 50 438
221 46 433
222 47 445
223 49 443
224 50 441
225 49 442
226 49 430
227 54 434
228 53 445
229 49 442
230 52 452
231 51 442
232 51 444
233 54 442
234 53 442
235 56 437
236 55 440
237 56 460
238 54 455
239 52 456
240 57 465
241 55 465
242 60 460
243 62 459
244 60 464
245 61 466
246 56 467
247 66 458
248 61 470
249 61 462
250 59 463
251 63 460
252 64 456
253 64 448
254 63 460
255 61 469
256 58 464
257 59 465
258 56 468
259 58 465
260 60 471
261 68 475
262 71 469
263 68 461
264 66 460
265 65 459
266 70 460
267 69 455
268 71 455
269 73 447
270 73 451
271 66 460
272 68 462
273 68 469
274 68 458
275 61 461
276 64 463
277 63 459
278 64 457
279 67 462
280 67 463
281 70 456
282 71 460
283 72 464
284 71 465
285 70 468
286 72 456
287 76 449
288 76 457
289 75 460
290 80 469
291 80 458
292 83 458
293 82 463
294 74 467
295 79 472
296 79 471
297 77 465
298 76 469
299 78 468
300 81 468
301 72 477
302 71 469
303 72 467
304 73 472
305 74 464
306 76 468
307 72 462
308 73 464
309 77 453
310 83 452
311 79 464
312 77 460
313 84 462
314 78 462
315 78 464
316 82 469
317 85 468
318 76 471
319 81 475
320 77 469
321 78 475
322 75 487
323 81 477
324 84 473
325 84 466
326 80 466
327 89 461
328 90 471
329 89 468
330 91 475
331 94 468
332 89 469
333 95 483
334 92 481
335 91 489
336 88 482
337 91 493
338 84 494
339 85 488
340 92 486
341 92 495
342 87 500
343 91 498
344 95 501
345 92 494
346 94 502
347 92 507
348 95 497
349 87 504
350 93 498
351 93 497
352 91 486
353 99 485
354 94 492
355 91 493
356 90 503
357 98 487
358 99 483
359 99 478
360 101 475
361 97 482
362 100 489
363 99 486
364 103 482
365 106 487
366 99 494
367 103 500
368 100 491
369 97 486
370 98 485
371 96 489
372 94 499
373 96 489
374 97 486
375 95 492
376 97 497
377 99 492
378 98 501
379 95 501
380 97 493
381 98 502
382 102 491
383 103 495
384 108 484
385 103 490
386 105 495
387 106 499
388 105 498
389 108 499
390 109 498
391 108 495
392 107 508
393 106 506
394 106 502
395 108 504
396 103 512
397 107 501
398 110 507
399 112 503
400 115 509
401 113 510
402 111 510
403 113 506
404 117 507
405 115 499
406 112 502
407 120 494
408 123 503
409 125 499
410 122 496
411 123 497
412 117 499
413 119 508
414 114 509
415 122 515
416 121 504
417 115 512
418 115 512
419 117 511
420 120 509
421 120 505
422 115 501
423 112 509
424 113 511
425 118 515
426 114 517
427 117 512
428 114 518
429 118 516
430 116 518
431 115 516
432 113 513
433 115 522
434 122 520
435 122 514
436 128 518
437 125 506
438 123 508
439 125 516
440 131 516
441 128 521
442 133 516
443 130 521
444 132 514
445 134 505
446 136 508
447 135 513
448 130 527
449 129 519
450 130 525
451 133 524
452 129 526
453 130 527
454 130 529
455 130 522
456 133 524
457 134 519
458 129 530
459 121 537
460 125 533
461 129 530
462 125 527
463 124 532
464 129 536
465 127 531
466 131 530
467 125 533
468 125 531
469 129 525
470 132 529
471 128 525
472 130 519
473 130 516
474 126 518
475 128 520
476 130 518
477 131 510
478 130 508
479 131 511
480 131 507
481 128 512
482 134 515
483 133 518
484 137 511
485 138 511
486 135 523
487 131 520
488 136 525
489 135 516
490 141 525
491 133 521
492 135 524
493 136 519
494 136 517
495 141 519
496 138 531
497 138 524
498 136 535
499 136 539
500 135 535
501 133 528
502 130 538
503 133 545
504 137 544
505 133 548
506 140 544
507 139 544
508 138 545
509 137 557
510 143 554
511 137 555
512 143 555
513 144 549
514 136 557
515 137 557
516 140 563
517 140 549
518 139 545
519 145 549
520 146 546
521 148 545
522 149 535
523 149 536
524 145 529
525 141 535
526 148 539
527 148 533
528 149 542
529 148 544
530 147 554
531 145 557
532 147 551
533 145 555
534 147 545
535 149 541
536 152 545
537 144 545
538 145 542
539 149 535
540 151 543
541 151 541
542 149 544
543 149 542
544 148 544
545 152 538
546 151 539
547 149 540
548 155 550
549 149 551
550 154 550
551 156 545
552 158 541
553 159 550
554 154 551
555 156 539
556 158 543
557 158 534
558 160 534
559 158 541
560 160 539
561 157 538
562 163 539
563 160 544
564 161 547
565 158 553
566 158 557
567 159 564
568 159 567
569 154 565
570 159 566
571 154 580
572 156 567
573 155 575
574 156 566
575 158 554
576 156 550
577 155 552
578 161 543
579 162 546
580 163 542
581 165 540
582 163 546
583 167 551
584 170 557
585 167 553
586 160 559
587 168 562
588 164 571
589 164 571
590 168 567
591 169 578
592 170 575
593 171 574
594 169 563
595 167 570
596 174 563
597 178 570
598 175 567
599 176 558
600 178 560
601 175 556
